20170326001
20170326002
20170326003
20170326004
20170326005
20170326006
20170326007
20170326008
20170326009
20170326010
20170326011
20170326012
20170326013
20170326014
20170326015
20170326016
20170326017
20170326018
20170326019
20170326020
20170326021
20170326022
20170326023
20170326024
20170326025
20170326026
20170326027
20170326028
20170326029
20170326030
20170326031
20170326032
20170326033
20170326034
20170326035
20170326036
20170326037
20170326038
20170326039
20170326040
20170326041
20170326042
20170326043
20170326044
20170326045
20170326046
20170326047
20170326048
20170326049
20170326050
20170326051
20170326052
20170326053
20170326054
20170326055
20170326056
20170326057
20170326058
20170326059
20170326060
20170326061
20170326062
20170326063
20170326064
20170326065
20170326066
20170326067
20170326068
20170326069
20170326070
20170326071
20170326072
20170326073
20170326074
20170326075
20170326076
20170326077
20170326078
20170327001
20170327002
20170327003
20170327004
20170327005
20170327006
20170327007
20170327008
20170327009
20170327010
20170327011
20170327012
20170327013
20170327014
20170327015
20170327016
20170327017
20170327018
20170327019
20170327020
20170327021
20170327022
20170327023
20170327024
20170327025
20170327026
20170327027
20170327028
20170327029
20170327030
20170327031
20170327032
20170327033
20170327034
20170327035
20170327036
20170327037
20170327038
20170327039
20170327040
20170327041
20170327042
20170327043
20170327044
20170327045
20170327046
20170327047
20170327048
20170327049
20170327050
20170327051
20170327052
20170327053
20170327054
20170327055
20170327056
20170327057
20170327058
20170327059
20170327060
20170327061
20170327062
20170327063
20170327064
20170327065
20170327066
20170327067
20170327068
20170327069
20170327070
20170327071
20170327072
20170327073
20170327074
20170327075
20170327076
20170327077
20170327078
20170328001
20170328002
20170328003
20170328004
20170328005
20170328006
20170328007
20170328008
20170328009
20170328010
20170328011
20170328012
20170328013
20170328014
20170328015
20170328016
20170328017
20170328018
20170328019
20170328020
20170328021
20170328022
20170328023
20170328024
20170328025
20170328026
20170328027
20170328028
20170328029
20170328030
20170328031
20170328032
20170328033
20170328034
20170328035
20170328036
20170328037
20170328038
20170328039
20170328040
20170328041
20170328042
20170328043
20170328044
20170328045
20170328046
20170328047
20170328048
20170328049
20170328050
20170328051
20170328052
20170328053
20170328054
20170328055
20170328056
20170328057
20170328058
20170328059
20170328060
20170328061
20170328062
20170328063
20170328064
20170328065
20170328066
20170328067
20170328068
20170328069
20170328070
20170328071
20170328072
20170328073
20170328074
20170328075
20170328076
20170328077
20170328078
20170329001
20170329002
20170329003
20170329004
20170329005
20170329006
20170329007
20170329008
20170329009
20170329010
20170329011
20170329012
20170329013
20170329014
20170329015
20170329016
20170329017
20170329018
20170329019
20170329020
20170329021
20170329022
20170329023
20170329024
20170329025
20170329026
20170329027
20170329028
20170329029
20170329030
20170329031
20170329032
20170329033
20170329034
20170329035
20170329036
20170329037
20170329038
20170329039
20170329040
20170329041
20170329042
20170329043
20170329044
20170329045
20170329046
20170329047
20170329048
20170329049
20170329050
20170329051
20170329052
20170329053
20170329054
20170329055
20170329056
20170329057
20170329058
20170329059
20170329060
20170329061
20170329062
20170329063
20170329064
20170329065
20170329066
20170329067
20170329068
20170329069
20170329070
20170329071
20170329072
20170329073
20170329074
20170329075
20170329076
20170329077
20170329078
20170330001
20170330002
20170330003
20170330004
20170330005
20170330006
20170330007
20170330008
20170330009
20170330010
20170330011
20170330012
20170330013
20170330014
20170330015
20170330016
20170330017
20170330018
20170330019
20170330020
20170330021
20170330022
20170330023
20170330024
20170330025
20170330026
20170330027
20170330028
20170330029
20170330030
20170330031
20170330032
20170330033
20170330034
20170330035
20170330036
20170330037
20170330038
20170330039
20170330040
20170330041
20170330042
20170330043
20170330044
20170330045
20170330046
20170330047
20170330048
20170330049
20170330050
20170330051
20170330052
20170330053
20170330054
20170330055
20170330056
20170330057
20170330058
20170330059
20170330060
20170330061
20170330062
20170330063
20170330064
20170330065
20170330066
20170330067
20170330068
20170330069
20170330070
20170330071
20170330072
20170330073
20170330074
20170330075
20170330076
20170330077
20170330078
20170331001
20170331002
20170331003
20170331004
20170331005
20170331006
20170331007
20170331008
20170331009
20170331010
20170331011
20170331012
20170331013
20170331014
20170331015
20170331016
20170331017
20170331018
20170331019
20170331020
20170331021
20170331022
20170331023
20170331024
20170331025
20170331026
20170331027
20170331028
20170331029
20170331030
20170331031
20170331032
20170331033
20170331034
20170331035
20170331036
20170331037
20170331038
20170331039
20170331040
20170331041
20170331042
20170331043
20170331044
20170331045
20170331046
20170331047
20170331048
20170331049
20170331050
20170331051
20170331052
20170331053
20170331054
20170331055
20170331056
20170331057
20170331058
20170331059
20170331060
20170331061
20170331062
20170331063
20170331064
20170331065
20170331066
20170331067
20170331068
20170331069
20170331070
20170331071
20170331072
20170331073
20170331074
20170331075
20170331076
20170331077
20170331078
20170401001
20170401002
20170401003
20170401004
20170401005
20170401006
20170401007
20170401008
20170401009
20170401010
20170401011
20170401012
20170401013
20170401014
20170401015
20170401016
20170401017
20170401018
20170401019
20170401020
20170401021
20170401022
20170401023
20170401024
20170401025
20170401026
20170401027
20170401028
20170401029
20170401030
20170401031
20170401032
20170401033
20170401034
20170401035
20170401036
20170401037
20170401038
20170401039
20170401040
20170401041
20170401042
20170401043
20170401044
20170401045
20170401046
20170401047
20170401048
20170401049
20170401050
20170401051
20170401052
20170401053
20170401054
20170401055
20170401056
20170401057
20170401058
20170401059
20170401060
20170401061
20170401062
20170401063
20170401064
20170401065
20170401066
20170401067
20170401068
20170401069
20170401070
20170401071
20170401072
20170401073
20170401074
20170401075
20170401076
20170401077
20170401078
20170402001
20170402002
20170402003
20170402004
20170402005
20170402006
20170402007
20170402008
20170402009
20170402010
20170402011
20170402012
20170402013
20170402014
20170402015
20170402016
20170402017
20170402018
20170402019
20170402020
20170402021
20170402022
20170402023
20170402024
20170402025
20170402026
20170402027
20170402028
20170402029
20170402030
20170402031
20170402032
20170402033
20170402034
20170402035
20170402036
20170402037
20170402038
20170402039
20170402040
20170402041
20170402042
20170402043
20170402044
20170402045
20170402046
20170402047
20170402048
20170402049
20170402050
20170402051
20170402052
20170402053
20170402054
20170402055
20170402056
20170402057
20170402058
20170402059
20170402060
20170402061
20170402062
20170402063
20170402064
20170402065
20170402066
20170402067
20170402068
20170402069
20170402070
20170402071
20170402072
20170402073
20170402074
20170402075
20170402076
20170402077
20170402078
20170403001
20170403002
20170403003
20170403004
20170403005
20170403006
20170403007
20170403008
20170403009
20170403010
20170403011
20170403012
20170403013
20170403014
20170403015
20170403016
20170403017
20170403018
20170403019
20170403020
20170403021
20170403022
20170403023
20170403024
20170403025
20170403026
20170403027
20170403028
20170403029
20170403030
20170403031
20170403032
20170403033
20170403034
20170403035
20170403036
20170403037
20170403038
20170403039
20170403040
20170403041
20170403042
20170403043
20170403044
20170403045
20170403046
20170403047
20170403048
20170403049
20170403050
20170403051
20170403052
20170403053
20170403054
20170403055
20170403056
20170403057
20170403058
20170403059
20170403060
20170403061
20170403062
20170403063
20170403064
20170403065
20170403066
20170403067
20170403068
20170403069
20170403070
20170403071
20170403072
20170403073
20170403074
20170403075
20170403076
20170403077
20170403078
20170404001
20170404002
20170404003
20170404004
20170404005
20170404006
20170404007
20170404008
20170404009
20170404010
20170404011
20170404012
20170404013
20170404014
20170404015
20170404016
20170404017
20170404018
20170404019
20170404020
20170404021
20170404022
20170404023
20170404024
20170404025
20170404026
20170404027
20170404028
20170404029
20170404030
20170404031
20170404032
20170404033
20170404034
20170404035
20170404036
20170404037
20170404038
20170404039
20170404040
20170404041
20170404042
20170404043
20170404044
20170404045
20170404046
20170404047
20170404048
20170404049
20170404050
20170404051
20170404052
20170404053
20170404054
20170404055
20170404056
20170404057
20170404058
20170404059
20170404060
20170404061
20170404062
20170404063
20170404064
20170404065
20170404066
20170404067
20170404068
20170404069
20170404070
20170404071
20170404072
20170404073
20170404074
20170404075
20170404076
20170404077
20170404078
20170405001
20170405002
20170405003
20170405004
20170405005
20170405006
20170405007
20170405008
20170405009
20170405010
20170405011
20170405012
20170405013
20170405014
20170405015
20170405016
20170405017
20170405018
20170405019
20170405020
20170405021
20170405022
20170405023
20170405024
20170405025
20170405026
20170405027
20170405028
20170405029
20170405030
20170405031
20170405032
20170405033
20170405034
20170405035
20170405036
20170405037
20170405038
20170405039
20170405040
20170405041
20170405042
20170405043
20170405044
20170405045
20170405046
20170405047
20170405048
20170405049
20170405050
20170405051
20170405052
20170405053
