10
13
9
7
15
11
11
9
11
15
15
10
12
10
17
12
15
8
14
14
12
11
7
11
16
4
10
7
12
11
7
9
11
11
6
3
14
11
12
13
10
8
11
15
9
11
14
7
14
15
10
11
9
13
5
12
12
13
6
8
12
10
8
8
15
13
11
8
8
3
16
14
10
11
12
7
13
14
7
15
8
10
10
5
15
12
11
12
14
13
4
8
8
5
13
14
12
6
9
8
13
13
13
10
7
11
7
7
11
11
13
4
11
11
11
12
8
9
9
14
17
10
10
9
6
10
10
16
8
7
10
9
6
12
7
11
9
18
14
10
14
13
12
15
6
6
12
7
9
16
8
12
5
9
9
9
12
10
10
9
12
10
9
13
12
12
14
9
10
10
9
8
14
4
13
10
13
14
17
17
12
14
11
17
10
8
12
11
6
5
11
16
13
6
10
8
14
13
11
8
13
8
13
9
8
15
7
13
15
5
9
12
6
9
7
7
6
7
10
14
14
14
12
9
10
7
13
9
4
12
14
14
12
8
10
10
9
9
13
10
10
10
7
11
6
9
4
7
11
14
12
12
7
9
14
11
12
10
7
6
7
10
16
9
15
8
9
11
9
7
9
8
10
10
5
9
15
14
12
7
6
16
13
15
14
11
14
11
12
9
10
11
7
11
12
10
11
10
13
12
7
13
11
11
10
15
8
5
12
7
16
8
11
8
12
12
10
10
13
11
10
10
14
11
5
8
8
9
8
14
9
15
9
12
15
8
12
13
4
7
16
14
8
11
8
7
10
10
11
13
11
13
7
7
11
9
9
12
10
12
8
8
12
6
10
14
11
9
10
7
15
12
16
9
14
11
4
10
9
5
13
12
11
10
15
6
5
11
12
6
13
13
9
9
15
14
10
12
13
13
9
12
15
10
15
8
16
10
13
11
12
15
8
13
11
8
11
9
15
12
8
17
10
13
6
14
6
15
10
11
11
3
13
11
3
11
17
12
11
9
11
12
9
12
8
7
11
3
13
10
7
10
10
7
8
14
14
10
12
13
8
6
17
10
11
10
10
11
5
10
13
14
10
12
18
7
9
14
5
11
10
15
9
10
10
11
5
5
4
8
11
12
9
11
9
6
9
6
7
14
5
13
10
10
13
8
11
15
11
8
10
10
7
15
12
13
8
12
11
9
5
6
12
5
9
10
13
12
11
6
10
14
10
9
15
9
10
9
8
10
11
10
8
11
14
5
12
11
13
11
7
14
10
9
8
12
10
10
10
14
12
10
7
9
14
11
12
9
8
5
6
10
15
5
10
11
12
11
9
9
18
6
8
8
15
17
7
7
12
10
13
14
15
12
9
12
11
5
10
8
7
9
11
10
9
11
3
10
12
11
15
14
13
13
9
12
5
8
11
11
15
12
9
9
13
7
11
8
13
9
10
11
8
13
16
10
11
11
14
12
11
10
8
8
9
9
15
13
10
12
7
12
9
12
7
11
13
10
13
12
11
12
4
11
11
11
11
11
12
13
13
12
3
8
8
14
13
8
8
16
14
6
8
13
11
12
9
12
15
6
12
13
6
3
12
6
12
9
15
10
13
5
6
16
12
12
10
8
7
11
10
16
14
8
13
6
16
15
14
11
18
10
9
6
17
9
13
17
13
11
10
11
12
7
10
12
8
8
14
7
12
11
8
13
7
13
14
14
6
8
15
11
13
11
9
13
14
13
10
10
14
12
9
7
11
12
10
9
13
7
16
7
14
12
14
10
5
12
11
16
7
8
10
8
11
13
11
9
10
13
9
12
8
12
9
9
12
6
11
10
10
12
13
11
7
11
12
12
6
8
15
7
6
17
8
9
15
13
7
13
12
15
10
10
11
11
14
11
4
16
14
4
10
